0 0.834586 0.769841 0.072180 0.111111
0 0.682707 0.717687 0.057143 0.092971
0 0.784962 0.636054 0.036090 0.061224
0 0.844361 0.670068 0.055639 0.088435
0 0.518045 0.792517 0.070677 0.102041
0 0.275940 0.714286 0.055639 0.095238
0 0.301504 0.599773 0.031579 0.056689
0 0.734586 0.651927 0.037594 0.056689
0 0.755639 0.586168 0.025564 0.038549
0 0.702256 0.552154 0.015038 0.024943
0 0.764662 0.558957 0.016541 0.024943
0 0.983459 0.583900 0.024060 0.034014
0 0.923308 0.723356 0.069173 0.095238
0 0.412030 0.714286 0.054135 0.077098
0 0.959398 0.552154 0.012030 0.020408
0 0.893233 0.563492 0.018045 0.024943
0 0.611278 0.528345 0.010526 0.018141
0 0.823308 0.532880 0.013534 0.018141
0 0.849624 0.538549 0.012030 0.020408
